0.316078 1.44434244264 0.220690248633 1.19493442558 0.0071867774205 0.89828405064 -0.0297218130904
0.318078 1.4471146745 0.229229397901 1.19818218105 0.00776398525944 0.89743509544 -0.0308267771939
0.320078 1.44984686144 0.237800954206 1.2014607292 0.00835956690479 0.89659456505 -0.0319293935468
0.322078 1.45253572786 0.24640912131 1.20477049631 0.00897352186583 0.895759544362 -0.0330299964187
0.324078 1.45512384668 0.255047981205 1.20794827849 0.0096045721561 0.894931060064 -0.034128990785
0.326078 1.45754080887 0.26370749711 1.21131984898 0.0102552642294 0.894111349993 -0.0352267802475
0.328078 1.45999671329 0.272427967914 1.21472378091 0.0109244573925 0.893293436296 -0.0363233593317
0.330078 1.46048401636 0.280827693979 1.21816065326 0.0116122369282 0.89248405877 -0.0374192238093
0.332078 1.46055999595 0.289184639247 1.22163095585 0.012318705457 0.891680872723 -0.0385144783559
0.334078 1.4649548321 0.29845837685 1.22513516569 0.0130439825912 0.890883793754 -0.039609288276
0.336078 1.46672128431 0.307270856264 1.22873675331 0.0137889111736 0.890092738311 -0.0407037945027
0.338078 1.46598294959 0.315605874413 1.23231109845 0.0145522764283 0.88930762369 -0.0417981169689
0.340078 1.46702533864 0.324369710231 1.23545557399 0.0153291341048 0.888528367681 -0.0428923574352
0.342078 1.46873413234 0.333342799192 1.23899812955 0.0161295855942 0.887754888155 -0.0439866018791
0.344078 1.47031141027 0.342353220773 1.24256705625 0.0169494094165 0.886987327526 -0.045080933952
0.346078 1.47199394057 0.351457224445 1.2462764288 0.0177904139317 0.886225235878 -0.0461753956044
0.348078 1.47290093963 0.360443084378 1.24991229683 0.0186498194702 0.885468701668 -0.0472700451633
0.350078 1.47406672016 0.369558029348 1.25357209898 0.0195291538233 0.884717040527 -0.0483648903923
0.352078 1.47503167463 0.378690430413 1.25739180374 0.0204308358421 0.883971120917 -0.0494600147758
0.354078 1.47590202727 0.387866192241 1.26125045072 0.0213533159332 0.883230353382 -0.050555416137
0.356078 1.47667334073 0.397083943055 1.26497089621 0.0222937389722 0.882494449564 -0.0516511010572
0.358078 1.47724927357 0.406316841763 1.26890719149 0.0232584978669 0.881766976822 -0.0527473001831
0.360078 1.47781919095 0.415615936669 1.27288000347 0.0242448409708 0.881042286186 -0.0538436949253
0.362078 1.47821701719 0.424934720287 1.27675042519 0.0252503167393 0.880322654299 -0.0549404282088
0.364078 1.47857510743 0.434310134131 1.28075043619 0.0262796826458 0.879608078629 -0.0560375061636
0.366078 1.47873380418 0.443694760727 1.28479511704 0.0273316553805 0.878898375622 -0.0571349201923
0.368078 1.47882591153 0.453126688864 1.28878335264 0.0284043521835 0.878193532274 -0.0582326694912
0.370078 1.47794220292 0.462321362075 1.2929651838 0.0295035997685 0.877493483115 -0.059330747422
0.372078 1.47861045057 0.472068029677 1.29719093242 0.030626583118 0.876798163471 -0.0604291451433
0.374078 1.47852796374 0.48164775472 1.30126091462 0.0317688079807 0.876107509381 -0.0615278518768
0.376078 1.47859805379 0.491347110712 1.30557386488 0.0329402380031 0.875421457687 -0.0626268551577
0.378078 1.47811087639 0.500929560167 1.30978286299 0.0341327245575 0.874739945854 -0.0637261410372
0.380078 1.47654250319 0.510203976431 1.3140494271 0.0353506555722 0.874062911859 -0.0648256942672
0.382078 1.47580499671 0.51982305998 1.31849829015 0.0365979510408 0.873390294626 -0.0659254985046
0.384078 1.47475818025 0.529395060308 1.3228579653 0.037867635409 0.872722033375 -0.0670255364172
0.386078 1.47357059487 0.538976169598 1.32727223565 0.0391640525715 0.872058068125 -0.0681257898591
0.388078 1.47281940245 0.54877933937 1.33174712062 0.0404878747294 0.871398339445 -0.0692262399758
0.390078 1.47125440176 0.558339899853 1.33638865588 0.0418429410765 0.870742788179 -0.0703268672925
0.392078 1.46964294022 0.567938241342 1.34090584367 0.0432206987755 0.870091355932 -0.0714276518519
0.394078 1.46811649198 0.577625790777 1.34556759003 0.0446301000484 0.869443984546 -0.0725285732612
0.396078 1.46639459452 0.587292679894 1.35023687441 0.046067268638 0.868800616198 -0.0736296107791
0.398078 1.46436604285 0.596890076434 1.35497596236 0.0475348134315 0.868161496795 -0.0747307695025
0.400078 1.46248541255 0.606600561273 1.35961816803 0.0490273417791 0.867525658948 -0.0758319498462
0.402078 1.46042244653 0.616288539985 1.36468995328 0.0505644982739 0.866893955073 -0.0769332086845
0.404078 1.4580542749 0.625897875577 1.36955045565 0.0521236229755 0.866266024184 -0.0780344983042
0.406078 1.45568165094 0.635553715023 1.37444982657 0.0537143070709 0.865641807873 -0.0791357969384
0.408078 1.45304406182 0.645140788533 1.37939830004 0.0553375465538 0.865021246718 -0.0802370826672
0.410078 1.4504593103 0.654797134263 1.38456618517 0.0570009855164 0.864404278864 -0.0813383333119
0.412078 1.44763091085 0.664388310273 1.38960663743 0.0586911687274 0.86379083917 -0.0824395263694
0.414078 1.44452996155 0.673895748146 1.3948902631 0.0604242503263 0.863180856438 -0.0835406387498
0.416078 1.44150636923 0.683479516741 1.40000348815 0.062183182394 0.862574248601 -0.0846416462885
0.418078 1.43814409159 0.692941285593 1.40523195564 0.0639809456363 0.861970913576 -0.0857425227849
0.420078 1.43475703548 0.702427222394 1.41058860906 0.0658190844818 0.861370707835 -0.0868432377273
0.422078 1.43130283393 0.711915967644 1.41603541135 0.0676967902058 0.860773395321 -0.08794375081
0.424078 1.42751968768 0.721273944897 1.4215066739 0.0696117496366 0.860185281749 -0.0890446980941
0.426078 1.42384293979 0.730717012914 1.4269744552 0.0715632560586 0.859595705296 -0.0901449708087
0.428078 1.42004347208 0.74012851712 1.43245078365 0.0735525386641 0.859009323286 -0.0912450302539
0.430078 1.41584135813 0.749357559649 1.4382160869 0.0755950074878 0.858426073212 -0.0923448556623
0.432078 1.41156429546 0.758570625084 1.44385807872 0.0776702074392 0.857845907698 -0.0934444280722
0.434078 1.40735305458 0.76784279546 1.44977094356 0.0798000602853 0.857268779882 -0.0945437288261
0.436078 1.40272327849 0.77690754298 1.45555953201 0.081964042106 0.856694643075 -0.0956427395423
0.438078 1.39824537793 0.786075202179 1.46141170029 0.0841732226684 0.856123451056 -0.0967414421548
0.440078 1.39355995094 0.795144560503 1.46735342251 0.0864301211965 0.855555158181 -0.0978398189331
0.442078 1.38872279536 0.804142716409 1.47338430762 0.0887358322802 0.854989719012 -0.0989378524469
0.444078 1.38126742391 0.811616521086 1.47951316173 0.0910920440962 0.854427088705 -0.100035525616
0.446078 1.37851663765 0.821864171746 1.48568738535 0.093496658704 0.853867222674 -0.101132821674
0.448078 1.37338542017 0.830722034261 1.49188858055 0.0959495190939 0.853310076604 -0.102229724178
0.450078 1.36802644693 0.839448983211 1.49823640971 0.098459464652 0.852755606782 -0.103326217047
0.452078 1.36232684407 0.847968649134 1.50463608871 0.101021643332 0.852203769852 -0.104422284535
0.454078 1.35694977614 0.856690486244 1.51108488045 0.103637009581 0.851654522734 -0.105517911229
0.456078 1.35103421694 0.865071640258 1.51759593141 0.10630764465 0.851107822757 -0.10661308206
0.458078 1.34521914733 0.873512278586 1.52396024396 0.109019847219 0.850563627356 -0.107707782272
0.460078 1.33927887771 0.88186627404 1.53084478935 0.111822674149 0.850021894783 -0.108801997506
0.462078 1.33320424239 0.890123806229 1.53746626706 0.114661116529 0.849482583553 -0.109895713739
0.464078 1.32726938782 0.898466436581 1.54451931532 0.117587912172 0.848945651956 -0.110988917213
0.466078 1.32072964162 0.906386720608 1.55166080895 0.120579529671 0.848411059398 -0.112081594612
0.468078 1.31437489108 0.91441679577 1.55847921499 0.123604904633 0.847878764915 -0.113173732868
0.470078 1.30810571501 0.92249139555 1.56579685337 0.126730204488 0.84734872868 -0.114265319359
0.472078 1.30239497342 0.930950591651 1.57278427176 0.129890593937 0.846820910195 -0.115356341665
0.474078 1.29436731704 0.937727112549 1.58028376703 0.133156651814 0.846295270051 -0.116446787805
0.476078 1.28766808476 0.945429420323 1.58787902715 0.136496477636 0.845771768936 -0.117536646099
0.478078 1.27990856424 0.952318563223 1.59557162231 0.139912054189 0.845250367451 -0.118625905144
0.480078 1.27392122613 0.960498101088 1.60297411127 0.143370634378 0.844731027354 -0.119714553984
0.482078 1.26795232148 0.968680632886 1.61035206424 0.146896335323 0.844213709504 -0.120802581817
0.484078 1.25918936764 0.974689366859 1.61808211183 0.150525517907 0.84369837599 -0.121889978295
0.486078 1.25175352483 0.981670662 1.62592742991 0.154239150983 0.843184988779 -0.122976733333
0.488078 1.24474994364 0.988953371539 1.63312267263 0.157965419056 0.842673510052 -0.124062837146
0.490078 1.23718333605 0.995749151472 1.64140389712 0.161873462393 0.842163902455 -0.125148280293
0.492078 1.22966952506 1.00254184152 1.64991184753 0.165884766586 0.841656128174 -0.126233053529
0.494078 1.22204603989 1.00919817898 1.65822818811 0.169959541342 0.841150150308 -0.127317148009
0.496078 1.21423835287 1.01565157801 1.66661557076 0.174125918625 0.840645931874 -0.128400555136
0.498078 1.20653455718 1.02213939042 1.67508299827 0.178387153421 0.840143435847 -0.129483266566
0.500078 1.19860924259 1.02838494106 1.68364111959 0.182746822329 0.839642625281 -0.130565274214
0.502078 1.19081017548 1.03468232386 1.69230350376 0.18720898719 0.839143462909 -0.131646570196
0.504078 1.18279356637 1.04073230814 1.70104667516 0.191773726747 0.838645912068 -0.132727146962
0.506078 1.17455214934 1.04652030217 1.71023194681 0.1964852098 0.838149935592 -0.13380699712
0.508078 1.16655692304 1.05246273911 1.71913938094 0.20126426009 0.837655495363 -0.13488611336
0.510078 1.15849266738 1.05827898959 1.72826873643 0.206170971916 0.837162553433 -0.135964488616
0.512078 1.15015461466 1.06377634343 1.73750434914 0.211195158169 0.836671069979 -0.137042115737
0.514078 1.14177643883 1.06916317295 1.74668775809 0.216320394113 0.836181005255 -0.138118987785
0.516078 1.13278572333 1.07389433634 1.7564942219 0.22163407697 0.835692317061 -0.139195097612
0.518078 1.12495399383 1.0796473753 1.76600827372 0.227025590725 0.835204958512 -0.140270437461
0.520078 1.11662165406 1.08484969473 1.77572357466 0.232560265446 0.834718880992 -0.141344999434
0.522078 1.10816220537 1.08984974872 1.78560428142 0.238237649514 0.834234027014 -0.14241877425
0.524078 1.09964043585 1.09470630966 1.79562587518 0.244058616688 0.833750331731 -0.143491751443
0.526078 1.0910805011 1.09944025717 1.80580524099 0.250029665124 0.833267708684 -0.144563916832
0.528078 1.07990702248 1.1014222744 1.81593081954 0.256125387077 0.83279291166 -0.145636452349
0.530078 1.07227281556 1.10690562193 1.82642338805 0.262409149841 0.832313627346 -0.146707216934
0.532078 1.06487936793 1.11257450161 1.82443456977 0.267006976102 0.831835490434 -0.147777190081
0.534078 1.05652211749 1.11716335841 1.83452339512 0.273481600426 0.831358515886 -0.148846376771
0.536078 1.04796242822 1.12144926357 1.84637620326 0.280369303338 0.830882651598 -0.14991477034
0.538078 1.04207892681 1.12854064169 1.85690723883 0.28721153774 0.830407867236 -0.150982368158
0.540078 1.03453866147 1.13379163266 1.86840018794 0.294360887146 0.829934133019 -0.152049167891
0.542078 1.0215307652 1.13291043574 1.88004316898 0.30169964898 0.829461420083 -0.153115167566
0.544078 1.01286889247 1.13669263597 1.89184009446 0.309234244162 0.828989698276 -0.154180365163
0.546078 1.00403802161 1.1401819212 1.90379438392 0.316971269204 0.828518938732 -0.155244759082
0.548078 0.995043195577 1.14337581578 1.91590913432 0.324917529297 0.828049113003 -0.156308347986
0.550078 0.986406581962 1.14687321611 1.92818718775 0.333080057131 0.827580192237 -0.157371130643
0.552078 0.977485327798 1.14993101397 1.94063116101 0.341466126682 0.827112148396 -0.158433106152
0.554078 0.968747872489 1.15309345442 1.95324344594 0.350083262828 0.826644953546 -0.159494273804
0.556078 0.959957810446 1.15608193547 1.96602616624 0.358939243576 0.826178579262 -0.160554632966
0.558078 0.950972624574 1.15871900295 1.97898105333 0.368042086921 0.825712998578 -0.161614183455
0.560078 0.942230392664 1.16153471641 1.99210916827 0.377400006536 0.825248184296 -0.162672925209
0.562078 0.933411031108 1.16413867341 2.00541020569 0.387021281371 0.824784108733 -0.163730858232
0.564078 0.924631704224 1.16667369441 2.01888050583 0.396913856408 0.824320745009 -0.164787982841
0.566078 0.91626272039 1.16961255116 2.03250584806 0.407083853728 0.823858067124 -0.165844299687
0.568078 0.906946127934 1.17121822018 2.04622062688 0.417527058548 0.823396048619 -0.166899809483
0.570078 0.898133463079 1.17334273491 2.06044947309 0.428340536249 0.822934663172 -0.167954513118
0.572078 0.889359732652 1.17539251487 2.07469021067 0.439432067267 0.822473884786 -0.169008411694
0.574078 0.880681962019 1.17744379573 2.08912700545 0.450850102569 0.822013687741 -0.170061506512
0.576078 0.871667913098 1.17891464188 2.10376149747 0.462606332603 0.821554046869 -0.17111379913
0.578078 0.862708700743 1.18032255608 2.11859522355 0.47471293391 0.821094937071 -0.172165291259
0.580078 0.85406715094 1.18203191189 2.13362960896 0.487182592419 0.820636332625 -0.173215984613
0.582078 0.84544768033 1.1836421591 2.14886594885 0.500028525782 0.820178209584 -0.174265881414
0.584078 0.837441885831 1.18599033507 2.16430540032 0.513264509518 0.819720543594 -0.17531498393
0.586078 0.828340899711 1.1866566169 2.1799489679 0.526904903208 0.81926330945 -0.176363294372
0.588078 0.819291524639 1.18724691975 2.19579747934 0.540964675907 0.818806483077 -0.177410815318
0.590078 0.809528717078 1.18664019991 2.21167980194 0.555416299298 0.818350041509 -0.178457549708
0.592078 0.802627466332 1.1900988752 2.22793511865 0.570360260866 0.817893960123 -0.179503500242
0.594078 0.794139894826 1.19109593074 2.24439708027 0.585772511271 0.817438216497 -0.180548670219
0.596078 0.785458484701 1.191660613 2.26106555154 0.601670744604 0.816982786591 -0.181593062695
0.598078 0.77716740647 1.19267724571 2.27794001442 0.618073392859 0.816527647327 -0.182636681051
0.600078 0.769008828335 1.19376415529 2.29501953418 0.634999657145 0.816072776456 -0.183679528961
0.602078 0.760283955383 1.19382922962 2.31230272503 0.652469540644 0.815618151587 -0.184721610176
0.604078 0.751601319115 1.19380636213 2.32978771147 0.670503882377 0.815163749512 -0.185762928367
0.606078 0.74341608375 1.1944268758 2.34747207722 0.689124389339 0.814709548014 -0.186803487528
0.608078 0.735173854374 1.19481511058 2.36535281558 0.708353670894 0.814255526007 -0.187843292011
0.610078 0.727010841819 1.19518975582 2.38342628535 0.728215276877 0.81380166108 -0.188882345965
0.612078 0.718472219149 1.19479685465 2.40168814374 0.748733730905 0.813347932152 -0.189920653938
0.614078 0.710513161069 1.19521944037 2.42013329241 0.769934569647 0.812894317262 -0.190958220366
0.616078 0.702394896691 1.19523181679 2.43875580319 0.791844377916 0.812440795382 -0.19199504999
0.618078 0.694345648215 1.19521539574 2.45754884734 0.814490826774 0.811988830146 -0.193031500585
0.620078 0.686157103388 1.19480938554 2.47663390178 0.837946453524 0.811535435483 -0.194066874292
0.622078 0.678143544035 1.1945567744 2.49577129485 0.862164242104 0.81108207113 -0.19510152604
0.624078 0.670256977891 1.1943804514 2.51505542467 0.887210036285 0.810628717279 -0.196135461199
0.626078 0.662457856237 1.19421477614 2.53447505739 0.913116327567 0.810175354235 -0.197168685247
0.628078 0.65443494045 1.19349546334 2.55401755043 0.939916866644 0.809721960684 -0.198201203343
0.630078 0.646354940634 1.19251364313 2.55727898257 0.961484483786 0.809268516833 -0.199233021089
0.632078 0.638815320677 1.19237841859 2.57682070722 0.989967795619 0.808815003446 -0.200264144293
0.634078 0.631059694917 1.1916943582 2.59540012148 1.01903958359 0.808359551894 -0.201294118309
0.636078 0.623327540745 1.19090256477 2.61418826111 1.04918929321 0.80790583894 -0.202323866827
0.638078 0.615773743456 1.19030169707 2.63252517124 1.0801983732 0.807451998077 -0.20335293847
0.640078 0.608079893491 1.18927884832 2.65112913219 1.11240544003 0.806998010104 -0.20438133932
0.642078 0.600513538623 1.18835152944 2.66985741487 1.14580950479 0.806543857089 -0.20540907584
0.644078 0.593027512882 1.18743183772 2.68833725953 1.18030691475 0.806089520471 -0.206436154395
0.646078 0.585587437254 1.18645349493 2.70673617744 1.21602553614 0.805634979782 -0.207462580915
0.648078 0.578105752462 1.18523798703 2.72575172595 1.25334762636 0.805180218 -0.208488362266
0.650078 0.570608057401 1.18383303745 2.74332852017 1.29139427092 0.804725216523 -0.20951350496
0.652078 0.563397230605 1.18287092222 2.76136361181 1.33110511195 0.804269957135 -0.210538015658
0.654078 0.555999060115 1.18136325061 2.77901871696 1.37215989521 0.803814421248 -0.21156190097
0.656078 0.54888359943 1.18030417257 2.79569774309 1.41432704736 0.803358591056 -0.212585167752
0.658078 0.541636663483 1.17881180038 2.81289969091 1.45843647969 0.802902448005 -0.213607822705
0.660078 0.534395717964 1.17717627941 2.82902650271 1.50375423273 0.802445973887 -0.214629872659
0.662078 0.527166763051 1.17540900381 2.84523699675 1.55097137738 0.801989151865 -0.215651324847
0.664078 0.520709314059 1.17522262911 2.86021291162 1.59946384975 0.801531962699 -0.216672185889
0.666078 0.513389389989 1.17294561962 2.87458631429 1.64965863159 0.801074386673 -0.217692462304
0.668078 0.506509649311 1.17151635381 2.88975293803 1.7024765303 0.800616408044 -0.218712161711
0.670078 0.499516035154 1.16967248532 2.9029611338 1.75642608729 0.800158007398 -0.219731290757
0.672078 0.49265338372 1.16798222076 2.91480157791 1.81192589352 0.799699163828 -0.220749855695
0.674078 0.485898155317 1.1663982046 2.92393290226 1.86820554672 0.799239859455 -0.221767863616
0.676078 0.479159773559 1.16470762919 2.93517808527 1.92845553152 0.798780072767 -0.222785320619
0.678078 0.46593205509 1.14689476234 2.94577529966 1.99110639867 0.798319783373 -0.223802233108
0.680078 0.46567032565 1.16084630512 2.95438082802 2.05538458084 0.79785897005 -0.224818607252
0.682078 0.458682503705 1.15807230063 2.9602117974 2.12082243035 0.797397606775 -0.225834447848
0.684078 0.452540003 1.15728792428 2.96135704413 2.18606055791 0.796935666451 -0.226849759348
0.686078 0.446016550559 1.15539764912 2.96411226454 2.2558159989 0.796473122142 -0.227864546203
0.688078 0.439995337634 1.15467913932 2.96561122596 2.32821057882 0.796009937485 -0.228878810099
0.690078 0.433040107796 1.15136341421 2.96156815694 2.3999653045 0.795546075986 -0.229892552578
0.692078 0.426590805135 1.14922978999 2.95714652624 2.47527461982 0.795081486052 -0.230905770683
0.694078 0.42027480049 1.14731223066 2.94950610173 2.5519757723 0.794616107335 -0.231918458704
0.696078 0.413898796287 1.14508833734 2.93977809644 2.63115618232 0.794162129186 -0.232934203609
0.698078 0.407739600237 1.1433255006 2.92630020801 2.71146680213 0.793697001472 -0.233946423371
0.700078 0.401320371225 1.14069101788 2.9104611656 2.79428874353 0.793231064065 -0.234958147638
0.702078 0.395145541444 1.13860609336 2.88964107291 2.87721587611 0.792764534108 -0.235969452958
0.704078 0.389293574697 1.13732679244 2.86659270727 2.96302459906 0.792297362365 -0.236980337553
0.706078 0.38257674615 1.13337225802 2.83947128956 3.0499898419 0.791829537148 -0.237990810722
0.708078 0.376760440801 1.13193658125 2.80964543202 3.13969383292 0.791361045709 -0.239000881461
0.710078 0.370674228288 1.12956539266 2.77404435179 3.2288140202 0.790891875476 -0.240010558822
0.712078 0.36471492879 1.12744878592 2.73404979129 3.3188573088 0.790422013262 -0.241019851676
0.714078 0.358937250807 1.12577363891 2.68791363376 3.40763418937 0.789951448355 -0.242028769648
0.716078 0.352746770861 1.12267180992 2.63776669746 3.49769615859 0.789480168585 -0.243037321923
0.718078 0.346657021796 1.11974242754 2.58267518913 3.58782992844 0.789008160965 -0.244045517435
0.720078 0.340995697288 1.11807224183 2.52218012066 3.67727292687 0.788535630843 -0.245053432961
0.722078 0.335126149965 1.11560413149 2.45631224181 3.76585865207 0.788062135322 -0.246060944141
0.724078 0.32943578682 1.11361512826 2.38512355824 3.85342410848 0.787587877261 -0.247068126662
0.726078 0.323557329377 1.11087143001 2.30784202018 3.93836904063 0.787112847405 -0.248074990604
0.728078 0.317827172337 1.1085151031 2.2254458881 4.02188507372 0.786637033519 -0.249081545115
0.730078 0.312073182719 1.10595974663 2.13701795351 4.101833944 0.786160425497 -0.250087800003
0.732078 0.306390877136 1.10354465201 2.0435649247 4.17946011875 0.785683010891 -0.251093764324
0.734078 0.300854633775 1.10155428198 1.94428394852 4.25241299243 0.785204781271 -0.252099448404
0.736078 0.294971289011 1.09817931637 1.84007446796 4.32165849809 0.784725724936 -0.253104861517
0.738078 0.289584585944 1.09654914314 1.73092634064 4.38618640198 0.784245832307 -0.254110013606
0.740078 0.283736369092 1.09306915658 1.61728556767 4.44591807845 0.783765093314 -0.255114914444
0.742078 0.278212629518 1.09072854947 1.49894707491 4.49881882668 0.783283495975 -0.256119573165
0.744078 0.27279448218 1.08872125115 1.37704843031 4.54650165664 0.782801034109 -0.257124000783
0.746078 0.267259654724 1.08616846306 1.25172507285 4.58766053902 0.782317694397 -0.25812820596
0.748078 0.261738991567 1.08358779369 1.12382655151 4.62332439595 0.7818334709 -0.259132199767
0.750078 0.256189022999 1.08080096619 0.993286417386 4.65085225284 0.781348350537 -0.2601359909
0.752078 0.250701170213 1.078196114 0.860729751191 4.66972670234 0.780862326746 -0.261139590194
0.754078 0.245219961705 1.07554801304 0.727213877984 4.68190811733 0.780375388511 -0.262143006983
0.756078 0.24003530942 1.07415896396 0.593307681892 4.68738197154 0.779887528365 -0.263146251765
0.758078 0.234320057795 1.07033692304 0.459327977292 4.68364636046 0.779398735864 -0.264149334016
0.760078 0.228884195942 1.06771383306 0.326326548861 4.67481241782 0.778909004936 -0.265152264667
0.762078 0.223464903416 1.06512375042 0.19457425764 4.65763749579 0.778418325129 -0.266155053145
0.764078 0.218006968844 1.06230898507 0.064773122667 4.63440891786 0.777926688014 -0.267157709531
0.766078 0.212630525824 1.05986251942 0.0625824722485 -4.60332843781 0.777434085834 -0.268160244114
0.768078 0.207195464396 1.05710563858 0.186980544353 -4.56678863854 0.776940509838 -0.269162666813
0.770078 0.201812338464 1.05460426243 0.307812282396 -4.52180354643 0.776445951856 -0.270164987718
0.772078 0.195932192211 1.04944853405 0.424858989967 -4.47281228202 0.77595040629 -0.271167217788
0.774078 0.190962940247 1.04918073322 0.537580436384 -4.4176341711 0.775453863362 -0.272169366497
0.776078 0.185541901218 1.04651662623 0.645571305225 -4.35653126224 0.774956315054 -0.273171443897
0.778078 0.180184055989 1.04425788281 0.748900050289 -4.29228529897 0.774457755147 -0.274173460641
0.780078 0.174839916707 1.04215875281 0.847393322976 -4.22499473387 0.773958174521 -0.275175426329
0.782078 0.169527254496 1.04035832716 0.940567438844 -4.15333118722 0.773457568832 -0.276177352218
0.784078 0.163719169921 1.03556852553 1.02879346372 -4.07988808039 0.772955929144 -0.277179247902
0.786078 0.158261449797 1.0330423005 1.11091844419 -4.00080349495 0.772453249083 -0.278181123852
0.788078 0.152733534337 1.03018689684 1.18872689795 -3.92319872688 0.771949522537 -0.279182990601
0.790078 0.147212153475 1.02752470422 1.26066013851 -3.84180903276 0.771444740854 -0.280184857725
0.792078 0.141615544341 1.0245080237 1.32709392607 -3.75834492532 0.770938898261 -0.281186735802
0.794078 0.136032465102 1.0217877633 1.3888956225 -3.67536165819 0.770431987497 -0.282188634831
0.796078 0.130112810424 1.01669079231 1.44560469489 -3.59148813041 0.769924005337 -0.28319056625
0.798078 0.124747913707 1.01620465416 1.4973504147 -3.50705274403 0.769414942357 -0.284192539187
0.800078 0.119044818989 1.01337903053 1.54503114403 -3.42401837371 0.768904794277 -0.285194564616
0.802078 0.113263643682 1.01023904273 1.58805553741 -3.34081702659 0.768393554713 -0.286196652697
0.804078 0.107537867179 1.00802781912 1.62607954633 -3.25668200213 0.76788121807 -0.28719881384
0.806078 0.207574760529 2.05183774643 1.66040847978 -3.17414105589 0.767367777397 -0.288201057904
0.808078 0.0957405175094 1.00187069321 1.69142066459 -3.09358974079 0.766853228259 -0.289203395646
0.810078 0.089812793981 0.999418897364 1.71876158281 -3.01407779818 0.766337564685 -0.2902058372
0.812078 0.0837464155693 0.996164264975 1.74202259421 -2.9347181107 0.765820782137 -0.291208393201
0.814078 0.0777091009707 0.99414545821 1.76217722317 -2.85700110791 0.76530287455 -0.292211073658
0.816078 0.0714304538064 0.990006673808 1.77988951677 -2.78172050299 0.764783838326 -0.293213889471
0.818078 0.0651714385032 0.987213118338 1.7936548544 -2.70629169089 0.76426366561 -0.294216849867
0.820078 0.0588109802569 0.984270002458 1.80601841892 -2.63438531019 0.763742352973 -0.295219965716
0.822078 0.0523343645413 0.980987950801 1.81523168972 -2.56314077569 0.763219898194 -0.296223248317
0.824078 0.0458033123902 0.978713709623 1.8223559223 -2.49390035939 0.762696292278 -0.297226706295
0.826078 0.0390799027886 0.97472253726 1.82755383746 -2.42665544164 0.762171533773 -0.298230351151
0.828078 0.0322938802047 0.972141794344 1.83011920923 -2.36028076133 0.761645616264 -0.299234192404
0.830078 0.0253310798534 0.968107554547 1.83117932568 -2.29607789501 0.761118536491 -0.30023824075
0.832078 0.0182536917169 0.964815387408 1.83058000916 -2.23364660823 0.760590289673 -0.301242506243
0.834078 0.0110244510837 0.961417752764 1.82726639974 -2.17156067752 0.760060874337 -0.302247000192
0.836078 0.00363285031517 0.957765574779 1.82560054127 -2.11481520168 0.759530282428 -0.303251731242
0.838078 0.0039426565044 -0.957310834107 1.82045351582 -2.05719166854 0.759112525806 -0.304302414669
0.840078 0.0116843587731 -0.951065758132 1.81444042237 -2.00161089817 0.758578895739 -0.3053075628
0.842078 0.0196166647313 -0.946399049045 1.80684438173 -1.94713288715 0.758044859599 -0.306313292835
0.844078 0.0277828676472 -0.942869428993 1.79950394906 -1.89559612341 0.757509629098 -0.3073193004
0.846078 0.0361741962932 -0.938983703802 1.79012760841 -1.84442402306 0.756973205648 -0.308325597656
0.848078 0.0448097100331 -0.934915246452 1.78047051007 -1.79534267435 0.756435580371 -0.309332192532
0.850078 0.0536744540481 -0.930107539037 1.76967791419 -1.74735838628 0.755896753315 -0.310339096529
0.852078 0.0628424718346 -0.925620598485 1.75867394699 -1.70128054915 0.7552428164 -0.311299369949
0.854078 0.0722818497732 -0.920582157288 1.74660238028 -1.65616737099 0.754701489373 -0.312306700871
0.856078 0.0820760180205 -0.91579631278 1.73393076943 -1.61238225306 0.754158954282 -0.313314371812
0.858078 0.0922351136053 -0.9109573301 1.71479811555 -1.56448821728 0.753615205398 -0.314322391675
0.860078 0.102653469075 -0.904828992489 1.70367840781 -1.52566079832 0.753070242296 -0.315330771504
0.862078 0.113516065939 -0.898945309577 1.69219454137 -1.48802892019 0.752524062945 -0.316339521624
0.864078 0.124611426128 -0.89141220157 1.68039030926 -1.45155581921 0.751976663397 -0.317348651492
0.866078 0.136429542553 -0.885546718293 1.6696153114 -1.41731655883 0.751428042732 -0.318358171779
0.868078 0.148577087226 -0.87826892069 1.65292336506 -1.3793911809 0.75087819429 -0.319368090663
0.870078 0.161187222241 -0.870318926851 1.64455645176 -1.34964219295 0.750327119717 -0.320378419776
0.872078 0.173859333169 -0.859545401472 1.6240127732 -1.31110988971 0.749774812848 -0.321389167366
0.874078 0.187916614643 -0.852300200257 1.60924442539 -1.27846917998 0.749221275499 -0.322400345025
0.876078 0.201030240908 -0.837693402673 1.59435353429 -1.24682283366 0.748666504354 -0.323411962092
0.878078 0.216664639297 -0.830368380251 1.57909852162 -1.21593188338 0.74811049691 -0.324424028181
0.880078 0.234446587836 -0.826957933718 1.56390308833 -1.18607683864 0.747553251138 -0.325436553048
0.882078 0.247810122285 -0.804739435194 1.54860980992 -1.15708781349 0.746994766357 -0.326449546969
0.884078 0.264225094977 -0.789937761513 1.53449641304 -1.12986199686 0.746435036133 -0.327463017639
0.886078 0.281001644783 -0.773110696406 1.51920264785 -1.10260530129 0.745874063867 -0.328476976985
0.888078 0.298070998386 -0.754118585648 1.5040107419 -1.07623159946 0.745311845134 -0.32949143344
0.890078 0.315552933504 -0.733307412779 1.48876221251 -1.05058769949 0.744748380118 -0.330506397396
0.892078 0.333052861604 -0.709821461254 1.47313266623 -1.02541361302 0.744183663521 -0.331521876748
0.894078 0.350382124666 -0.683489489155 1.45817496118 -1.001409417 0.743617699241 -0.332537883406
0.896078 0.367447420172 -0.654410642354 1.44365155095 -0.978364000162 0.743050478872 -0.333554423725
0.898078 0.383050306679 -0.620918301644 1.42878720478 -0.955717908738 0.742482006207 -0.334571509436
0.900078 0.398651925983 -0.585946024131 1.41392200463 -0.93367709947 0.741912273827 -0.335589147165
0.902078 0.409475424136 -0.543229103758 1.39865400075 -0.911953515812 0.741341286425 -0.336607348924
0.904078 0.417786145139 -0.497475837729 1.38434429665 -0.891408896949 0.740769038472 -0.337626122031
0.906078 0.42219214881 -0.448143171951 1.36931443254 -0.87092965634 0.740195526641 -0.338645474713
0.908078 0.420731170023 -0.394751748619 1.35447874036 -0.851085463176 0.73962075511 -0.339665418553
0.910078 0.412099501195 -0.338164686425 1.34119542954 -0.8326945303 0.73904471432 -0.340685958762
0.912078 0.394870904303 -0.279580305174 1.32697333997 -0.814174940215 0.738467410404 -0.341707107682
0.914078 0.368177207484 -0.220967338568 1.31254000614 -0.795970402667 0.737888832261 -0.342728869621
0.916078 0.331338870609 -0.164554101436 1.29921509142 -0.778859339831 0.737308983557 -0.343751255626
0.918078 0.281736622048 -0.11187922309 1.28413040498 -0.761102910825 0.736727724177 -0.344774209414
0.920078 0.228233690372 -0.0687632860317 1.26943560202 -0.743981027042 0.736145320386 -0.345797864536
0.922078 0.164958663177 -0.0344601156043 1.25782133082 -0.729030645736 0.735561631817 -0.346822164619
0.924078 0.0968752855676 -0.0115971764244 1.24632226899 -0.714479325089 0.734976662089 -0.34784712037
0.926078 0.0273780950855 -0.000917030245909 1.23024630806 -0.69765208587 0.734390392593 -0.34887273189
0.928078 0.0406402712373 0.00203012168538 1.21778296383 -0.683215214591 0.733802831929 -0.349899012047
0.930078 0.104573606925 0.0136801490944 1.20438899317 -0.668569921079 0.733213963406 -0.350925961589
0.932078 0.162486553462 0.0340034838769 1.18992465515 -0.653644980539 0.732623779268 -0.35195358536
0.934078 0.21323147842 0.0608696383816 1.17909733733 -0.641007277783 0.732032273908 -0.352981889108
0.936078 0.256346734799 0.0921672190095 1.16597619172 -0.62739452819 0.731439424684 -0.354010870215
0.938078 0.292016114284 0.126044952516 1.15340904691 -0.614352433163 0.730845226111 -0.355040534157
0.940078 0.320732262251 0.160966446907 1.14074491435 -0.601519873064 0.730249658887 -0.356070879549
0.942078 0.343211406256 0.195753334063 1.12932127603 -0.589588237863 0.729668768266 -0.357109766996
0.944078 0.360265983213 0.229561355884 1.11659780989 -0.57721719042 0.729071888279 -0.358142227656
0.946078 0.372693132798 0.261814484455 1.10460750196 -0.565459742817 0.728473772842 -0.35917546398
0.948078 0.381361530895 0.292248353629 1.09268251459 -0.553959097135 0.727874422132 -0.360209484394
0.950078 0.386792977531 0.320569833703 1.08075079098 -0.542671285479 0.727273825553 -0.361244291892
0.952078 0.389769274916 0.346875883252 1.06943353531 -0.531898848031 0.726672008484 -0.362279907244
0.954078 0.390768674857 0.371186896966 1.05777666281 -0.521156858151 0.726068957864 -0.363316332086
0.956078 0.389995008418 0.393375596504 1.04677121141 -0.510927896112 0.725464680065 -0.364353577634
0.958078 0.38806894746 0.413818259234 1.03548410736 -0.500746264404 0.7248591723 -0.365391650452
0.960078 0.385049094371 0.43241027001 1.02415211037 -0.490723885013 0.724252439968 -0.366430561136
0.962078 0.381256772276 0.449374872432 1.01334150801 -0.481125099893 0.723644481583 -0.36747031674
0.964078 0.376912421911 0.464885590649 1.00267127631 -0.471759015972 0.723035301031 -0.368510926961
0.966078 0.372152226036 0.479057237302 0.991775894807 -0.462448818049 0.722424899018 -0.369552399808
0.968078 0.367056542253 0.49195962949 0.981339818757 -0.453509231203 0.721813278957 -0.370594744598
0.970078 0.361736035617 0.503721771916 0.970902227928 -0.4447192926 0.721200441045 -0.371637968925
0.972078 0.356240189274 0.514406907279 0.960816166184 -0.436235312304 0.720586389947 -0.372682082611
0.974078 0.350662729115 0.524153778161 0.950339430414 -0.427715232059 0.719971123999 -0.373727092133
0.976078 0.345038668826 0.533028359327 0.938243200483 -0.418611737316 0.719354649795 -0.374773008169
0.978078 0.339523507844 0.541294481744 0.929834794987 -0.411287490031 0.718736966254 -0.375819837342
0.980078 0.333963503321 0.548737021498 0.919982147793 -0.403446309392 0.718118076173 -0.376867588211
0.982078 0.328440890713 0.555508636006 0.910073947071 -0.395705225191 0.717497982776 -0.377916269486
0.984078 0.322974383147 0.56166616062 0.901170062941 -0.388518723678 0.716876689654 -0.378965890007
0.986078 0.317617945126 0.567331692918 0.89004273788 -0.380493051847 0.716254197218 -0.380016456855
0.988078 0.312388758844 0.572568778323 0.882048596034 -0.373920166571 0.715630509791 -0.381067979107
0.990078 0.307208606505 0.577263593281 0.872333836732 -0.366723469851 0.715005627322 -0.382120463439
0.992078 0.302229339686 0.581729601048 0.862872428991 -0.359741533499 0.714379555961 -0.38317391976
0.994078 0.297212235954 0.585537359367 0.853483330325 -0.352894367771 0.713752296153 -0.384228354853
0.996078 0.292371549978 0.589126037222 0.844726754995 -0.346408575256 0.713123852289 -0.385283777548
0.998078 0.28765353229 0.59242037077 0.836270470071 -0.34014037011 0.712494225486 -0.38634019483
1.000078 0.283048780601 0.595427836706 0.827398886643 -0.333795945682 0.711863420094 -0.387397615359
1.002078 0.278463218273 0.597971560267 0.819533651068 -0.327946233523 0.711231439347 -0.388456047118
1.004078 0.274184644908 0.600694150119 0.809382863481 -0.321272816192 0.710598285791 -0.389515497641
1.006078 0.269845942179 0.602824228522 0.800616574805 -0.315240808 0.70996396058 -0.390575973619
1.008078 0.265696092889 0.604929208423 0.79287493757 -0.309694556005 0.709328470368 -0.391637484685
1.010078 0.261568189833 0.606653935751 0.784216963265 -0.303870597012 0.708691815913 -0.392700037159
1.012078 0.257580164012 0.608286966573 0.776220925405 -0.298382468987 0.708054002445 -0.393763639756
1.014078 0.253711225473 0.609802813541 0.767715510553 -0.292775774866 0.707415032196 -0.394828299453
1.016078 0.249924272928 0.611132051748 0.759483369644 -0.287349693788 0.70677490695 -0.395894022896
1.018078 0.246237453709 0.612335973988 0.751494562079 -0.282089010372 0.706133633447 -0.396960819428
1.020078 0.242586525989 0.613270154443 0.744054215933 -0.277103753348 0.705491213849 -0.39802869576
1.022078 0.239054055055 0.614156351002 0.73574592167 -0.271864363804 0.704847650782 -0.39909765878
1.024078 0.235610894214 0.61493792799 0.728155927415 -0.266958619495 0.704202946141 -0.400167714879
1.026078 0.232232341764 0.615564890204 0.72066598212 -0.262154141765 0.703557108814 -0.401238874346
1.028078 0.228976724059 0.616206338473 0.71264886647 -0.257222474652 0.702910141475 -0.402311143883
1.030078 0.225752167697 0.616630220718 0.705254276117 -0.25257862544 0.702262043802 -0.403384528386
1.032078 0.222630216019 0.617042319002 0.697950331107 -0.248027227259 0.70161282235 -0.404459036609
1.034078 0.219528242287 0.617226168267 0.690710249795 -0.243557000542 0.700962478551 -0.405534674287
1.036078 0.216516607361 0.617388089636 0.683364344383 -0.239107003775 0.700311020392 -0.40661145087
1.038078 0.21364101295 0.617674095388 0.675901729627 -0.234673305032 0.699658447818 -0.40768937108
1.040078 0.210750014255 0.617659406754 0.668922360609 -0.23046255714 0.699004767715 -0.408768443587
1.042078 0.207954967491 0.617675660521 0.661658432543 -0.226207462408 0.698349983831 -0.409848675175
1.044078 0.205220024432 0.617628862641 0.633331732007 -0.21486027444 0.697694100551 -0.410930072922
1.046078 0.202507662222 0.61741408439 0.648028446695 -0.21815925818 0.697037120242 -0.412012642642
1.048078 0.199944908397 0.61742848497 0.640861526145 -0.214092220806 0.696379047665 -0.413096391482
1.050078 0.197336457401 0.617080981493 0.634138754475 -0.210222898091 0.695719888996 -0.414181327361
1.052078 0.194812355506 0.616779922405 0.627397148152 -0.206394796879 0.695059645516 -0.415267455215
1.054078 0.192323611926 0.616380002408 0.620548270038 -0.202578439048 0.694398322514 -0.416354782285
1.056078 0.189907389202 0.616007625515 0.615751208657 -0.199473340256 0.693735922784 -0.417443314247
1.058078 0.187561421792 0.615665421383 0.607716849887 -0.195363225036 0.693072455518 -0.418533060551
1.060078 0.185270404362 0.615312241554 0.600626149181 -0.191605189154 0.692407924284 -0.419624027207
1.062078 0.182984272154 0.614787676907 0.594743498558 -0.188275278016 0.691742328871 -0.420716217846
1.064078 0.180728211121 0.614179222865 0.588377231536 -0.184832618952 0.691075677292 -0.421809641006
1.066078 0.178537013534 0.613611192849 0.58231051143 -0.181524264097 0.690407971628 -0.422904301547
1.068078 0.176398780469 0.613050904863 0.576227646836 -0.178249822713 0.689739220219 -0.424000208082
1.070078 0.174315682544 0.612513199279 0.569907073964 -0.174940844603 0.689069426771 -0.425097366327
1.072078 0.172246464716 0.611858914783 0.56355914183 -0.171662548309 0.688398590754 -0.426195779291
1.074078 0.170219085656 0.611191002867 0.557885026323 -0.168626531696 0.687726724527 -0.427295457877
1.076078 0.168231056512 0.610506150006 0.551677338349 -0.16546543569 0.687053829075 -0.428396405888
